RC = 1*10^3*1*10^-6;
R = 10^3;
